# Created by Octave 6.3.0, Sat Jul 31 23:35:50 2021 GMT <unknown@LAPTOP-QGCCKLFG>
# name: E
# type: matrix
# rows: 3
# columns: 3
 7.6113796327681777e+21 2.1360124252354403e+21 1.8561733596866161e+21
 2.2029865890580757e+21 -9.9042449957094037e+21 -1.1743627579484066e+21
 1.8713489236099211e+21 -1.1782400235623876e+21 1.7928433123019201e+20


# name: R1
# type: diagonal matrix
# rows: 3
# columns: 3
1
1
1


# name: R2
# type: matrix
# rows: 3
# columns: 3
 -0.29449809246995273 0.91096756675424329 0.28880610425233805
 0.91148423665035105 0.17694042173247077 0.37133350709983354
 0.28717130753173425 0.37259922098548254 -0.88244119387726072


# name: t1
# type: matrix
# rows: 3
# columns: 1
 0
 0
 0


# name: t2
# type: matrix
# rows: 3
# columns: 1
 -0.19900782543543794
 -0.16188242638445846
 1


